ins:30              30

{20, 30}
ins:20              30
                20

{20, 30}
ins:10              30              20
                20                10  30
            10

{10, 20, 30}
ins:40, 50          20               20
                  10  30           10   40
                        40             30 50
                          50

{10, 20, 30}
ins:40, 50          20
                  10   40
                      30 50

ins:8,9              20               20
                  10   40           9     40
                8      30 50      8 10  30 50
                   9
